10 15
  1   4  15  13  11  13   4  10   7  -1   0   5   8  17   1 
  4  -2   4  10  14   9   6   5   7   0   8   0   1   5  13 
  7   0   0  16   7   5  11  14   9   0   7  11  -1  17   2 
 15  16   2  13   8  11   4   9  -2  14  11   0   8  14  -1 
  3   3   2   5  14   3   4   7  11  15   2  13   0   3  12 
  5  12   2   1   8   5   6  14  16   6   2   1   9  12  17 
 10  -2  14   6  17  10   4   4  12  17  13   8  12  16   5 
 -1  15   0  15  10  10  14  -1  -2   4  -1   3   7   2  17 
 -2   7   9  15  15   9  -1  13   7   5   5  14  15  11   4 
  3   4   1  17   2   6   9  10   7   1  17   8   6   6  13 
